%YAML:1.2
image_width: 1920
image_height: 1200
camera_name: ace_074
camera_matrix:
  rows: 3
  cols: 3
  dt: d
  data: [   1330.75038212359,   -0.477652423882802,   489.693905286,
               0.00000000000, 1331.593216668920000,   301.009346484,
               0.00000000000,    0.000000000000000,     1.000000000]

# (k1, k2, p1, p2, k3)
# (rad1, rad2, tan1, tan2, rad3)
distortion_model: radtan
distortion_coefficients:
  rows: 1
  cols: 5
  dt: d
  data: [-0.157461087222497,  0.121804657364662,  0.000620611730739996, -0.000304592952535335, -0.0425358175030953]
rectification_matrix:
  rows: 3
  cols: 3
  dt: d
  data: [1., 0., 0.,
         0., 1., 0.,
         0., 0., 1.]
projection_matrix:
  rows: 4
  cols: 3
  dt: d
  data: [-0746.0, -0625.0, 1041.0, 9303.0,
          0250.0, -1234.0, 0214.0, 3278.0,
          0000.0, -0000.0, 0001.0, 0014.0]






